$NetBSD: patch-al,v 1.3 2007/07/04 06:03:37 bsadewitz Exp $

--- src/mesa/shader/slang/library/slang_core_gc.h.orig	2007-06-21 18:10:54.000000000 -0400
+++ src/mesa/shader/slang/library/slang_core_gc.h
@@ -18,59 +18,60 @@
 20,0,0,1,0,10,1,1,1,0,5,105,0,0,0,1,9,18,95,95,114,101,116,86,97,108,0,59,120,121,0,18,105,0,59,
 120,120,0,20,0,0,1,0,10,1,1,1,0,1,98,0,0,0,1,9,18,95,95,114,101,116,86,97,108,0,59,120,121,0,18,98,
 0,59,120,120,0,20,0,0,1,0,10,1,1,1,0,11,118,0,0,0,1,9,18,95,95,114,101,116,86,97,108,0,59,120,121,
-0,18,118,0,59,120,121,0,20,0,0,1,0,11,1,1,1,0,9,120,0,0,1,1,0,9,121,0,0,1,1,0,9,122,0,0,0,1,9,18,
-95,95,114,101,116,86,97,108,0,59,120,0,18,120,0,20,0,9,18,95,95,114,101,116,86,97,108,0,59,121,0,
-18,121,0,20,0,9,18,95,95,114,101,116,86,97,108,0,59,122,0,18,122,0,20,0,0,1,0,11,1,1,1,0,9,102,0,0,
-0,1,9,18,95,95,114,101,116,86,97,108,0,59,120,121,122,0,18,102,0,59,120,120,120,0,20,0,0,1,0,11,1,
-1,1,0,5,105,0,0,0,1,4,105,110,116,95,116,111,95,102,108,111,97,116,0,18,95,95,114,101,116,86,97,
-108,0,59,120,121,122,0,0,18,105,0,59,120,120,120,0,0,0,0,1,0,11,1,1,1,0,1,98,0,0,0,1,9,18,95,95,
-114,101,116,86,97,108,0,59,120,121,122,0,18,98,0,59,120,120,120,0,20,0,0,1,0,11,1,1,1,0,12,118,0,0,
-0,1,9,18,95,95,114,101,116,86,97,108,0,59,120,121,122,0,18,118,0,59,120,121,122,0,20,0,0,1,0,12,1,
-1,1,0,9,120,0,0,1,1,0,9,121,0,0,1,1,0,9,122,0,0,1,1,0,9,119,0,0,0,1,9,18,95,95,114,101,116,86,97,
-108,0,59,120,0,18,120,0,20,0,9,18,95,95,114,101,116,86,97,108,0,59,121,0,18,121,0,20,0,9,18,95,95,
-114,101,116,86,97,108,0,59,122,0,18,122,0,20,0,9,18,95,95,114,101,116,86,97,108,0,59,119,0,18,119,
-0,20,0,0,1,0,12,1,1,1,0,9,102,0,0,0,1,9,18,95,95,114,101,116,86,97,108,0,18,102,0,59,120,120,120,
-120,0,20,0,0,1,0,12,1,1,1,0,5,105,0,0,0,1,9,18,95,95,114,101,116,86,97,108,0,18,105,0,59,120,120,
-120,120,0,20,0,0,1,0,12,1,1,1,0,1,98,0,0,0,1,9,18,95,95,114,101,116,86,97,108,0,18,98,0,59,120,120,
-120,120,0,20,0,0,1,0,12,1,1,1,0,11,118,51,0,0,1,1,0,9,102,0,0,0,1,9,18,95,95,114,101,116,86,97,108,
-0,59,120,121,122,0,18,118,51,0,20,0,9,18,95,95,114,101,116,86,97,108,0,59,119,0,18,102,0,20,0,0,1,
-0,6,1,1,1,0,5,105,0,0,1,1,0,5,106,0,0,0,1,9,18,95,95,114,101,116,86,97,108,0,59,120,0,18,105,0,20,
-0,9,18,95,95,114,101,116,86,97,108,0,59,121,0,18,106,0,20,0,0,1,0,6,1,1,1,0,5,105,0,0,0,1,9,18,95,
-95,114,101,116,86,97,108,0,59,120,121,0,18,105,0,59,120,120,0,20,0,0,1,0,6,1,1,1,0,9,102,0,0,0,1,4,
-102,108,111,97,116,95,116,111,95,105,110,116,0,18,95,95,114,101,116,86,97,108,0,59,120,121,0,0,18,
-102,0,59,120,120,0,0,0,0,1,0,6,1,1,1,0,1,98,0,0,0,1,4,102,108,111,97,116,95,116,111,95,105,110,116,
-0,18,95,95,114,101,116,86,97,108,0,59,120,121,0,0,18,98,0,59,120,120,0,0,0,0,1,0,7,1,1,1,0,5,105,0,
-0,1,1,0,5,106,0,0,1,1,0,5,107,0,0,0,1,9,18,95,95,114,101,116,86,97,108,0,59,120,0,18,105,0,20,0,9,
-18,95,95,114,101,116,86,97,108,0,59,121,0,18,106,0,20,0,9,18,95,95,114,101,116,86,97,108,0,59,122,
-0,18,107,0,20,0,0,1,0,7,1,1,1,0,5,105,0,0,0,1,9,18,95,95,114,101,116,86,97,108,0,59,120,121,122,0,
-18,105,0,59,120,120,120,0,20,0,0,1,0,7,1,1,1,0,9,102,0,0,0,1,9,18,95,95,114,101,116,86,97,108,0,59,
-120,121,122,0,18,102,0,59,120,120,120,0,20,0,0,1,0,7,1,1,1,0,1,98,0,0,0,1,9,18,95,95,114,101,116,
-86,97,108,0,59,120,121,122,0,18,98,0,59,120,120,120,0,20,0,0,1,0,8,1,1,1,0,5,120,0,0,1,1,0,5,121,0,
-0,1,1,0,5,122,0,0,1,1,0,5,119,0,0,0,1,9,18,95,95,114,101,116,86,97,108,0,59,120,0,18,120,0,20,0,9,
-18,95,95,114,101,116,86,97,108,0,59,121,0,18,121,0,20,0,9,18,95,95,114,101,116,86,97,108,0,59,122,
-0,18,122,0,20,0,9,18,95,95,114,101,116,86,97,108,0,59,119,0,18,119,0,20,0,0,1,0,8,1,1,1,0,5,105,0,
-0,0,1,9,18,95,95,114,101,116,86,97,108,0,18,105,0,59,120,120,120,120,0,20,0,0,1,0,8,1,1,1,0,9,102,
-0,0,0,1,4,102,108,111,97,116,95,116,111,95,105,110,116,0,18,95,95,114,101,116,86,97,108,0,0,18,102,
-0,59,120,120,120,120,0,0,0,0,1,0,8,1,1,1,0,1,98,0,0,0,1,9,18,95,95,114,101,116,86,97,108,0,18,98,0,
-59,120,120,120,120,0,20,0,0,1,0,2,1,1,1,0,1,98,49,0,0,1,1,0,1,98,50,0,0,0,1,9,18,95,95,114,101,116,
-86,97,108,0,59,120,0,18,98,49,0,20,0,9,18,95,95,114,101,116,86,97,108,0,59,121,0,18,98,50,0,20,0,0,
-1,0,2,1,1,1,0,1,98,0,0,0,1,9,18,95,95,114,101,116,86,97,108,0,59,120,121,0,18,98,0,59,120,120,0,20,
-0,0,1,0,2,1,1,1,0,9,102,0,0,0,1,3,2,1,10,1,122,101,114,111,0,2,58,118,101,99,50,0,17,48,0,48,0,0,0,
-17,48,0,48,0,0,0,0,0,0,4,118,101,99,52,95,115,101,113,0,18,95,95,114,101,116,86,97,108,0,59,120,
-121,0,0,18,102,0,59,120,120,0,0,18,122,101,114,111,0,0,0,0,1,0,2,1,1,1,0,5,105,0,0,0,1,3,2,1,6,1,
-122,101,114,111,0,2,58,105,118,101,99,50,0,16,8,48,0,0,16,8,48,0,0,0,0,0,4,118,101,99,52,95,115,
-101,113,0,18,95,95,114,101,116,86,97,108,0,59,120,121,0,0,18,105,0,59,120,120,0,0,18,122,101,114,
-111,0,0,0,0,1,0,3,1,1,1,0,1,98,49,0,0,1,1,0,1,98,50,0,0,1,1,0,1,98,51,0,0,0,1,9,18,95,95,114,101,
-116,86,97,108,0,59,120,0,18,98,49,0,20,0,9,18,95,95,114,101,116,86,97,108,0,59,121,0,18,98,50,0,20,
-0,9,18,95,95,114,101,116,86,97,108,0,59,122,0,18,98,51,0,20,0,0,1,0,3,1,1,1,0,1,98,0,0,0,1,9,18,95,
-95,114,101,116,86,97,108,0,59,120,121,122,0,18,98,0,59,120,120,120,0,20,0,0,1,0,3,1,1,1,0,9,102,0,
-0,0,1,3,2,1,11,1,122,101,114,111,0,2,58,118,101,99,51,0,17,48,0,48,0,0,0,17,48,0,48,0,0,0,17,48,0,
-48,0,0,0,0,0,0,4,118,101,99,52,95,115,101,113,0,18,95,95,114,101,116,86,97,108,0,59,120,121,122,0,
-0,18,102,0,59,120,120,120,0,0,18,122,101,114,111,0,0,0,0,1,0,3,1,1,1,0,5,105,0,0,0,1,3,2,1,7,1,122,
-101,114,111,0,2,58,105,118,101,99,51,0,16,8,48,0,0,16,8,48,0,0,16,8,48,0,0,0,0,0,4,118,101,99,52,
-95,115,101,113,0,18,95,95,114,101,116,86,97,108,0,59,120,121,122,0,0,18,105,0,59,120,120,120,0,0,
-18,122,101,114,111,0,0,0,0,1,0,4,1,1,1,0,1,98,49,0,0,1,1,0,1,98,50,0,0,1,1,0,1,98,51,0,0,1,1,0,1,
-98,52,0,0,0,1,9,18,95,95,114,101,116,86,97,108,0,59,120,0,18,98,49,0,20,0,9,18,95,95,114,101,116,
+0,18,118,0,59,120,121,0,20,0,0,1,0,10,1,1,1,0,12,118,0,0,0,1,9,18,95,95,114,101,116,86,97,108,0,59,
+115,116,0,18,118,0,59,120,121,0,20,0,0,1,0,11,1,1,1,0,9,120,0,0,1,1,0,9,121,0,0,1,1,0,9,122,0,0,0,
+1,9,18,95,95,114,101,116,86,97,108,0,59,120,0,18,120,0,20,0,9,18,95,95,114,101,116,86,97,108,0,59,
+121,0,18,121,0,20,0,9,18,95,95,114,101,116,86,97,108,0,59,122,0,18,122,0,20,0,0,1,0,11,1,1,1,0,9,
+102,0,0,0,1,9,18,95,95,114,101,116,86,97,108,0,59,120,121,122,0,18,102,0,59,120,120,120,0,20,0,0,1,
+0,11,1,1,1,0,5,105,0,0,0,1,4,105,110,116,95,116,111,95,102,108,111,97,116,0,18,95,95,114,101,116,
+86,97,108,0,59,120,121,122,0,0,18,105,0,59,120,120,120,0,0,0,0,1,0,11,1,1,1,0,1,98,0,0,0,1,9,18,95,
+95,114,101,116,86,97,108,0,59,120,121,122,0,18,98,0,59,120,120,120,0,20,0,0,1,0,11,1,1,1,0,12,118,
+0,0,0,1,9,18,95,95,114,101,116,86,97,108,0,59,120,121,122,0,18,118,0,59,120,121,122,0,20,0,0,1,0,
+12,1,1,1,0,9,120,0,0,1,1,0,9,121,0,0,1,1,0,9,122,0,0,1,1,0,9,119,0,0,0,1,9,18,95,95,114,101,116,86,
+97,108,0,59,120,0,18,120,0,20,0,9,18,95,95,114,101,116,86,97,108,0,59,121,0,18,121,0,20,0,9,18,95,
+95,114,101,116,86,97,108,0,59,122,0,18,122,0,20,0,9,18,95,95,114,101,116,86,97,108,0,59,119,0,18,
+119,0,20,0,0,1,0,12,1,1,1,0,9,102,0,0,0,1,9,18,95,95,114,101,116,86,97,108,0,18,102,0,59,120,120,
+120,120,0,20,0,0,1,0,12,1,1,1,0,5,105,0,0,0,1,9,18,95,95,114,101,116,86,97,108,0,18,105,0,59,120,
+120,120,120,0,20,0,0,1,0,12,1,1,1,0,1,98,0,0,0,1,9,18,95,95,114,101,116,86,97,108,0,18,98,0,59,120,
+120,120,120,0,20,0,0,1,0,12,1,1,1,0,11,118,51,0,0,1,1,0,9,102,0,0,0,1,9,18,95,95,114,101,116,86,97,
+108,0,59,120,121,122,0,18,118,51,0,20,0,9,18,95,95,114,101,116,86,97,108,0,59,119,0,18,102,0,20,0,
+0,1,0,6,1,1,1,0,5,105,0,0,1,1,0,5,106,0,0,0,1,9,18,95,95,114,101,116,86,97,108,0,59,120,0,18,105,0,
+20,0,9,18,95,95,114,101,116,86,97,108,0,59,121,0,18,106,0,20,0,0,1,0,6,1,1,1,0,5,105,0,0,0,1,9,18,
+95,95,114,101,116,86,97,108,0,59,120,121,0,18,105,0,59,120,120,0,20,0,0,1,0,6,1,1,1,0,9,102,0,0,0,
+1,4,102,108,111,97,116,95,116,111,95,105,110,116,0,18,95,95,114,101,116,86,97,108,0,59,120,121,0,0,
+18,102,0,59,120,120,0,0,0,0,1,0,6,1,1,1,0,1,98,0,0,0,1,4,102,108,111,97,116,95,116,111,95,105,110,
+116,0,18,95,95,114,101,116,86,97,108,0,59,120,121,0,0,18,98,0,59,120,120,0,0,0,0,1,0,7,1,1,1,0,5,
+105,0,0,1,1,0,5,106,0,0,1,1,0,5,107,0,0,0,1,9,18,95,95,114,101,116,86,97,108,0,59,120,0,18,105,0,
+20,0,9,18,95,95,114,101,116,86,97,108,0,59,121,0,18,106,0,20,0,9,18,95,95,114,101,116,86,97,108,0,
+59,122,0,18,107,0,20,0,0,1,0,7,1,1,1,0,5,105,0,0,0,1,9,18,95,95,114,101,116,86,97,108,0,59,120,121,
+122,0,18,105,0,59,120,120,120,0,20,0,0,1,0,7,1,1,1,0,9,102,0,0,0,1,9,18,95,95,114,101,116,86,97,
+108,0,59,120,121,122,0,18,102,0,59,120,120,120,0,20,0,0,1,0,7,1,1,1,0,1,98,0,0,0,1,9,18,95,95,114,
+101,116,86,97,108,0,59,120,121,122,0,18,98,0,59,120,120,120,0,20,0,0,1,0,8,1,1,1,0,5,120,0,0,1,1,0,
+5,121,0,0,1,1,0,5,122,0,0,1,1,0,5,119,0,0,0,1,9,18,95,95,114,101,116,86,97,108,0,59,120,0,18,120,0,
+20,0,9,18,95,95,114,101,116,86,97,108,0,59,121,0,18,121,0,20,0,9,18,95,95,114,101,116,86,97,108,0,
+59,122,0,18,122,0,20,0,9,18,95,95,114,101,116,86,97,108,0,59,119,0,18,119,0,20,0,0,1,0,8,1,1,1,0,5,
+105,0,0,0,1,9,18,95,95,114,101,116,86,97,108,0,18,105,0,59,120,120,120,120,0,20,0,0,1,0,8,1,1,1,0,
+9,102,0,0,0,1,4,102,108,111,97,116,95,116,111,95,105,110,116,0,18,95,95,114,101,116,86,97,108,0,0,
+18,102,0,59,120,120,120,120,0,0,0,0,1,0,8,1,1,1,0,1,98,0,0,0,1,9,18,95,95,114,101,116,86,97,108,0,
+18,98,0,59,120,120,120,120,0,20,0,0,1,0,2,1,1,1,0,1,98,49,0,0,1,1,0,1,98,50,0,0,0,1,9,18,95,95,114,
+101,116,86,97,108,0,59,120,0,18,98,49,0,20,0,9,18,95,95,114,101,116,86,97,108,0,59,121,0,18,98,50,
+0,20,0,0,1,0,2,1,1,1,0,1,98,0,0,0,1,9,18,95,95,114,101,116,86,97,108,0,59,120,121,0,18,98,0,59,120,
+120,0,20,0,0,1,0,2,1,1,1,0,9,102,0,0,0,1,3,2,1,10,1,122,101,114,111,0,2,58,118,101,99,50,0,17,48,0,
+48,0,0,0,17,48,0,48,0,0,0,0,0,0,4,118,101,99,52,95,115,101,113,0,18,95,95,114,101,116,86,97,108,0,
+59,120,121,0,0,18,102,0,59,120,120,0,0,18,122,101,114,111,0,0,0,0,1,0,2,1,1,1,0,5,105,0,0,0,1,3,2,
+1,6,1,122,101,114,111,0,2,58,105,118,101,99,50,0,16,8,48,0,0,16,8,48,0,0,0,0,0,4,118,101,99,52,95,
+115,101,113,0,18,95,95,114,101,116,86,97,108,0,59,120,121,0,0,18,105,0,59,120,120,0,0,18,122,101,
+114,111,0,0,0,0,1,0,3,1,1,1,0,1,98,49,0,0,1,1,0,1,98,50,0,0,1,1,0,1,98,51,0,0,0,1,9,18,95,95,114,
+101,116,86,97,108,0,59,120,0,18,98,49,0,20,0,9,18,95,95,114,101,116,86,97,108,0,59,121,0,18,98,50,
+0,20,0,9,18,95,95,114,101,116,86,97,108,0,59,122,0,18,98,51,0,20,0,0,1,0,3,1,1,1,0,1,98,0,0,0,1,9,
+18,95,95,114,101,116,86,97,108,0,59,120,121,122,0,18,98,0,59,120,120,120,0,20,0,0,1,0,3,1,1,1,0,9,
+102,0,0,0,1,3,2,1,11,1,122,101,114,111,0,2,58,118,101,99,51,0,17,48,0,48,0,0,0,17,48,0,48,0,0,0,17,
+48,0,48,0,0,0,0,0,0,4,118,101,99,52,95,115,101,113,0,18,95,95,114,101,116,86,97,108,0,59,120,121,
+122,0,0,18,102,0,59,120,120,120,0,0,18,122,101,114,111,0,0,0,0,1,0,3,1,1,1,0,5,105,0,0,0,1,3,2,1,7,
+1,122,101,114,111,0,2,58,105,118,101,99,51,0,16,8,48,0,0,16,8,48,0,0,16,8,48,0,0,0,0,0,4,118,101,
+99,52,95,115,101,113,0,18,95,95,114,101,116,86,97,108,0,59,120,121,122,0,0,18,105,0,59,120,120,120,
+0,0,18,122,101,114,111,0,0,0,0,1,0,4,1,1,1,0,1,98,49,0,0,1,1,0,1,98,50,0,0,1,1,0,1,98,51,0,0,1,1,0,
+1,98,52,0,0,0,1,9,18,95,95,114,101,116,86,97,108,0,59,120,0,18,98,49,0,20,0,9,18,95,95,114,101,116,
 86,97,108,0,59,121,0,18,98,50,0,20,0,9,18,95,95,114,101,116,86,97,108,0,59,122,0,18,98,51,0,20,0,9,
 18,95,95,114,101,116,86,97,108,0,59,119,0,18,98,52,0,20,0,0,1,0,4,1,1,1,0,1,98,0,0,0,1,9,18,95,95,
 114,101,116,86,97,108,0,59,120,121,122,119,0,18,98,0,59,120,120,120,120,0,20,0,0,1,0,4,1,1,1,0,9,
@@ -646,7 +647,7 @@
 1,0,12,2,21,1,1,0,15,109,0,0,1,1,0,12,118,0,0,0,1,2,3,2,0,12,1,114,48,0,0,0,9,18,114,48,0,59,120,0,
 18,109,0,16,8,48,0,57,59,120,0,20,0,9,18,114,48,0,59,121,0,18,109,0,16,10,49,0,57,59,120,0,20,0,9,
 18,114,48,0,59,122,0,18,109,0,16,10,50,0,57,59,120,0,20,0,9,18,114,48,0,59,119,0,18,109,0,16,10,51,
-0,57,59,120,0,20,0,4,118,101,99,52,95,100,111,116,0,18,95,95,114,101,116,86,97,108,0,59,120,0,0,18,
+0,57,59,120,0,20,0,4,118,101,99,52,95,100,111,116,0,18,95,95,114,101,116,86,97,108,0,59,115,0,0,18,
 114,48,0,0,18,118,0,0,0,0,2,3,2,0,12,1,114,49,0,0,0,9,18,114,49,0,59,120,0,18,109,0,16,8,48,0,57,
 59,121,0,20,0,9,18,114,49,0,59,121,0,18,109,0,16,10,49,0,57,59,121,0,20,0,9,18,114,49,0,59,122,0,
 18,109,0,16,10,50,0,57,59,121,0,20,0,9,18,114,49,0,59,119,0,18,109,0,16,10,51,0,57,59,121,0,20,0,4,
